20
1 3
2 10
3 3
4 8
5 10
6 5
7 7
8 7
9 9
10 10
11 3
12 3
13 5
14 7
15 3
16 2
17 10
18 3
19 6
84
0 1 5
1 0 5
0 2 34
2 0 34
0 3 85
3 0 85
0 4 85
4 0 85
0 5 89
5 0 89
0 6 90
6 0 90
0 7 93
7 0 93
0 8 54
8 0 54
0 9 23
9 0 23
0 10 75
10 0 75
0 11 58
11 0 58
0 12 18
12 0 18
0 13 32
13 0 32
0 14 40
14 0 40
0 15 95
15 0 95
0 16 99
16 0 99
0 17 39
17 0 39
0 18 18
18 0 18
0 19 39
19 0 39
1 5 8
1 12 24
1 15 99
2 7 72
2 9 56
2 11 29
2 15 80
2 18 92
3 7 58
3 8 96
3 16 37
3 17 73
3 18 45
3 19 31
4 6 80
4 7 36
4 16 81
4 18 17
5 6 32
5 8 74
5 9 21
5 10 70
5 13 59
6 9 27
6 12 8
6 15 98
7 10 78
7 15 31
7 18 94
8 12 14
8 14 96
8 16 33
9 14 8
9 17 63
10 18 80
11 12 96
11 13 89
12 13 86
12 18 26
13 16 98
13 18 40
13 19 41
15 19 27
16 17 21
17 18 17
18 19 61
